-4.239572533618335370e+01
-1.418455010368947278e+01
-7.856828758476785524e+00
-6.096991532937394709e+00
-5.734077630954005356e-01
-1.665602151012965138e+01
-3.204929191262643418e+00
-7.281942912769725496e+00
6.149727808477771340e+00
-5.828813413815911559e+00
-8.591913723315732554e+00
-1.168405369403948679e+00
-1.167467070275092222e+00
2.373278138248932634e-01
2.080502478448229997e+00
-3.745730522857491640e-01
-2.549044824474327786e+00
7.977031012998080373e-01
7.002054315339748314e+00
5.902259602251795911e+00
-1.281889971258693417e-01
5.571701331975421390e+00
